{
 "cells": [
  {
   "cell_type": "markdown",
   "id": "198a943b-8d3f-4d23-b00b-18348303285d",
   "metadata": {},
   "source": [
    "##                                                          Exploratory Data Analysis\n",
    "\n",
    "#### Objectives\n",
    "<p> Explore features or characteristics to predict price of car\n",
    "Analyze patterns and run descriptive statistical analysis\n",
    "Group data based on identified parameters and create pivot tables\n",
    "Identify the effect of independent attributes on price of cars </p>"
   ]
  },
  {
   "cell_type": "code",
   "execution_count": 17,
   "id": "5fe97cce-c842-48fc-a28c-6ebcaa11284f",
   "metadata": {},
   "outputs": [
    {
     "name": "stdout",
     "output_type": "stream",
     "text": [
      "Defaulting to user installation because normal site-packages is not writeable\n",
      "Requirement already satisfied: pandas in c:\\programdata\\anaconda3\\lib\\site-packages (2.2.3)\n",
      "Requirement already satisfied: numpy in c:\\programdata\\anaconda3\\lib\\site-packages (2.1.3)\n",
      "Requirement already satisfied: scipy in c:\\programdata\\anaconda3\\lib\\site-packages (1.15.3)\n",
      "Requirement already satisfied: seaborn in c:\\programdata\\anaconda3\\lib\\site-packages (0.13.2)\n",
      "Requirement already satisfied: matplotlib in c:\\programdata\\anaconda3\\lib\\site-packages (3.10.0)\n",
      "Requirement already satisfied: python-dateutil>=2.8.2 in c:\\programdata\\anaconda3\\lib\\site-packages (from pandas) (2.9.0.post0)\n",
      "Requirement already satisfied: pytz>=2020.1 in c:\\programdata\\anaconda3\\lib\\site-packages (from pandas) (2024.1)\n",
      "Requirement already satisfied: tzdata>=2022.7 in c:\\programdata\\anaconda3\\lib\\site-packages (from pandas) (2025.2)\n",
      "Requirement already satisfied: contourpy>=1.0.1 in c:\\programdata\\anaconda3\\lib\\site-packages (from matplotlib) (1.3.1)\n",
      "Requirement already satisfied: cycler>=0.10 in c:\\programdata\\anaconda3\\lib\\site-packages (from matplotlib) (0.11.0)\n",
      "Requirement already satisfied: fonttools>=4.22.0 in c:\\programdata\\anaconda3\\lib\\site-packages (from matplotlib) (4.55.3)\n",
      "Requirement already satisfied: kiwisolver>=1.3.1 in c:\\programdata\\anaconda3\\lib\\site-packages (from matplotlib) (1.4.8)\n",
      "Requirement already satisfied: packaging>=20.0 in c:\\programdata\\anaconda3\\lib\\site-packages (from matplotlib) (24.2)\n",
      "Requirement already satisfied: pillow>=8 in c:\\programdata\\anaconda3\\lib\\site-packages (from matplotlib) (11.1.0)\n",
      "Requirement already satisfied: pyparsing>=2.3.1 in c:\\programdata\\anaconda3\\lib\\site-packages (from matplotlib) (3.2.0)\n",
      "Requirement already satisfied: six>=1.5 in c:\\programdata\\anaconda3\\lib\\site-packages (from python-dateutil>=2.8.2->pandas) (1.17.0)\n",
      "Note: you may need to restart the kernel to use updated packages.\n"
     ]
    }
   ],
   "source": [
    "pip install pandas numpy scipy seaborn matplotlib"
   ]
  },
  {
   "cell_type": "code",
   "execution_count": 18,
   "id": "5c4aa120-5e9d-4a24-b90a-f757d8afd461",
   "metadata": {},
   "outputs": [],
   "source": [
    "import pandas as pd\n",
    "import numpy as np\n",
    "import seaborn as sns\n",
    "import requests\n",
    "import matplotlib.pyplot as plt"
   ]
  },
  {
   "cell_type": "code",
   "execution_count": 19,
   "id": "2bbe455f-4d11-473c-8f35-15829782ee58",
   "metadata": {},
   "outputs": [],
   "source": [
    "file_path = \"https://cf-courses-data.s3.us.cloud-object-storage.appdomain.cloud/IBMDeveloperSkillsNetwork-DA0101EN-SkillsNetwork/labs/Data%20files/automobileEDA.csv\""
   ]
  },
  {
   "cell_type": "code",
   "execution_count": 20,
   "id": "ad5285c0-1572-4506-b796-c4418f5f768a",
   "metadata": {},
   "outputs": [],
   "source": [
    "response = requests.get(file_path)\n",
    "filename = \"usedcars.csv\"\n",
    "\n",
    "with open(filename , \"wb\") as f:\n",
    "    f.write(response.content)"
   ]
  },
  {
   "cell_type": "code",
   "execution_count": 21,
   "id": "ecffb759-a0b4-4026-b865-f50c6cebe2cc",
   "metadata": {},
   "outputs": [
    {
     "name": "stdout",
     "output_type": "stream",
     "text": [
      "   symboling  normalized-losses         make aspiration num-of-doors  \\\n",
      "0          3                122  alfa-romero        std          two   \n",
      "1          3                122  alfa-romero        std          two   \n",
      "2          1                122  alfa-romero        std          two   \n",
      "3          2                164         audi        std         four   \n",
      "4          2                164         audi        std         four   \n",
      "\n",
      "    body-style drive-wheels engine-location  wheel-base    length  ...  \\\n",
      "0  convertible          rwd           front        88.6  0.811148  ...   \n",
      "1  convertible          rwd           front        88.6  0.811148  ...   \n",
      "2    hatchback          rwd           front        94.5  0.822681  ...   \n",
      "3        sedan          fwd           front        99.8  0.848630  ...   \n",
      "4        sedan          4wd           front        99.4  0.848630  ...   \n",
      "\n",
      "   compression-ratio  horsepower  peak-rpm city-mpg highway-mpg    price  \\\n",
      "0                9.0       111.0    5000.0       21          27  13495.0   \n",
      "1                9.0       111.0    5000.0       21          27  16500.0   \n",
      "2                9.0       154.0    5000.0       19          26  16500.0   \n",
      "3               10.0       102.0    5500.0       24          30  13950.0   \n",
      "4                8.0       115.0    5500.0       18          22  17450.0   \n",
      "\n",
      "  city-L/100km  horsepower-binned  diesel  gas  \n",
      "0    11.190476             Medium       0    1  \n",
      "1    11.190476             Medium       0    1  \n",
      "2    12.368421             Medium       0    1  \n",
      "3     9.791667             Medium       0    1  \n",
      "4    13.055556             Medium       0    1  \n",
      "\n",
      "[5 rows x 29 columns]\n"
     ]
    }
   ],
   "source": [
    "df = pd.read_csv(filename)\n",
    "print(df.head(5))"
   ]
  },
  {
   "cell_type": "code",
   "execution_count": 25,
   "id": "0ca0cd03-f411-4805-a58c-e1959d64964d",
   "metadata": {},
   "outputs": [
    {
     "data": {
      "text/html": [
       "<div>\n",
       "<style scoped>\n",
       "    .dataframe tbody tr th:only-of-type {\n",
       "        vertical-align: middle;\n",
       "    }\n",
       "\n",
       "    .dataframe tbody tr th {\n",
       "        vertical-align: top;\n",
       "    }\n",
       "\n",
       "    .dataframe thead th {\n",
       "        text-align: right;\n",
       "    }\n",
       "</style>\n",
       "<table border=\"1\" class=\"dataframe\">\n",
       "  <thead>\n",
       "    <tr style=\"text-align: right;\">\n",
       "      <th></th>\n",
       "      <th>symboling</th>\n",
       "      <th>normalized-losses</th>\n",
       "      <th>wheel-base</th>\n",
       "      <th>length</th>\n",
       "      <th>width</th>\n",
       "      <th>height</th>\n",
       "      <th>curb-weight</th>\n",
       "      <th>engine-size</th>\n",
       "      <th>bore</th>\n",
       "      <th>stroke</th>\n",
       "      <th>compression-ratio</th>\n",
       "      <th>horsepower</th>\n",
       "      <th>peak-rpm</th>\n",
       "      <th>city-mpg</th>\n",
       "      <th>highway-mpg</th>\n",
       "      <th>price</th>\n",
       "      <th>city-L/100km</th>\n",
       "      <th>diesel</th>\n",
       "      <th>gas</th>\n",
       "    </tr>\n",
       "  </thead>\n",
       "  <tbody>\n",
       "    <tr>\n",
       "      <th>symboling</th>\n",
       "      <td>1.000000</td>\n",
       "      <td>0.466264</td>\n",
       "      <td>-0.535987</td>\n",
       "      <td>-0.365404</td>\n",
       "      <td>-0.242423</td>\n",
       "      <td>-0.550160</td>\n",
       "      <td>-0.233118</td>\n",
       "      <td>-0.110581</td>\n",
       "      <td>-0.140019</td>\n",
       "      <td>-0.008245</td>\n",
       "      <td>-0.182196</td>\n",
       "      <td>0.075819</td>\n",
       "      <td>0.279740</td>\n",
       "      <td>-0.035527</td>\n",
       "      <td>0.036233</td>\n",
       "      <td>-0.082391</td>\n",
       "      <td>0.066171</td>\n",
       "      <td>-0.196735</td>\n",
       "      <td>0.196735</td>\n",
       "    </tr>\n",
       "    <tr>\n",
       "      <th>normalized-losses</th>\n",
       "      <td>0.466264</td>\n",
       "      <td>1.000000</td>\n",
       "      <td>-0.056661</td>\n",
       "      <td>0.019424</td>\n",
       "      <td>0.086802</td>\n",
       "      <td>-0.373737</td>\n",
       "      <td>0.099404</td>\n",
       "      <td>0.112360</td>\n",
       "      <td>-0.029862</td>\n",
       "      <td>0.055563</td>\n",
       "      <td>-0.114713</td>\n",
       "      <td>0.217299</td>\n",
       "      <td>0.239543</td>\n",
       "      <td>-0.225016</td>\n",
       "      <td>-0.181877</td>\n",
       "      <td>0.133999</td>\n",
       "      <td>0.238567</td>\n",
       "      <td>-0.101546</td>\n",
       "      <td>0.101546</td>\n",
       "    </tr>\n",
       "    <tr>\n",
       "      <th>wheel-base</th>\n",
       "      <td>-0.535987</td>\n",
       "      <td>-0.056661</td>\n",
       "      <td>1.000000</td>\n",
       "      <td>0.876024</td>\n",
       "      <td>0.814507</td>\n",
       "      <td>0.590742</td>\n",
       "      <td>0.782097</td>\n",
       "      <td>0.572027</td>\n",
       "      <td>0.493244</td>\n",
       "      <td>0.158502</td>\n",
       "      <td>0.250313</td>\n",
       "      <td>0.371147</td>\n",
       "      <td>-0.360305</td>\n",
       "      <td>-0.470606</td>\n",
       "      <td>-0.543304</td>\n",
       "      <td>0.584642</td>\n",
       "      <td>0.476153</td>\n",
       "      <td>0.307237</td>\n",
       "      <td>-0.307237</td>\n",
       "    </tr>\n",
       "    <tr>\n",
       "      <th>length</th>\n",
       "      <td>-0.365404</td>\n",
       "      <td>0.019424</td>\n",
       "      <td>0.876024</td>\n",
       "      <td>1.000000</td>\n",
       "      <td>0.857170</td>\n",
       "      <td>0.492063</td>\n",
       "      <td>0.880665</td>\n",
       "      <td>0.685025</td>\n",
       "      <td>0.608971</td>\n",
       "      <td>0.124139</td>\n",
       "      <td>0.159733</td>\n",
       "      <td>0.579821</td>\n",
       "      <td>-0.285970</td>\n",
       "      <td>-0.665192</td>\n",
       "      <td>-0.698142</td>\n",
       "      <td>0.690628</td>\n",
       "      <td>0.657373</td>\n",
       "      <td>0.211187</td>\n",
       "      <td>-0.211187</td>\n",
       "    </tr>\n",
       "    <tr>\n",
       "      <th>width</th>\n",
       "      <td>-0.242423</td>\n",
       "      <td>0.086802</td>\n",
       "      <td>0.814507</td>\n",
       "      <td>0.857170</td>\n",
       "      <td>1.000000</td>\n",
       "      <td>0.306002</td>\n",
       "      <td>0.866201</td>\n",
       "      <td>0.729436</td>\n",
       "      <td>0.544885</td>\n",
       "      <td>0.188829</td>\n",
       "      <td>0.189867</td>\n",
       "      <td>0.615077</td>\n",
       "      <td>-0.245800</td>\n",
       "      <td>-0.633531</td>\n",
       "      <td>-0.680635</td>\n",
       "      <td>0.751265</td>\n",
       "      <td>0.673363</td>\n",
       "      <td>0.244356</td>\n",
       "      <td>-0.244356</td>\n",
       "    </tr>\n",
       "    <tr>\n",
       "      <th>height</th>\n",
       "      <td>-0.550160</td>\n",
       "      <td>-0.373737</td>\n",
       "      <td>0.590742</td>\n",
       "      <td>0.492063</td>\n",
       "      <td>0.306002</td>\n",
       "      <td>1.000000</td>\n",
       "      <td>0.307581</td>\n",
       "      <td>0.074694</td>\n",
       "      <td>0.180449</td>\n",
       "      <td>-0.062704</td>\n",
       "      <td>0.259737</td>\n",
       "      <td>-0.087027</td>\n",
       "      <td>-0.309974</td>\n",
       "      <td>-0.049800</td>\n",
       "      <td>-0.104812</td>\n",
       "      <td>0.135486</td>\n",
       "      <td>0.003811</td>\n",
       "      <td>0.281578</td>\n",
       "      <td>-0.281578</td>\n",
       "    </tr>\n",
       "    <tr>\n",
       "      <th>curb-weight</th>\n",
       "      <td>-0.233118</td>\n",
       "      <td>0.099404</td>\n",
       "      <td>0.782097</td>\n",
       "      <td>0.880665</td>\n",
       "      <td>0.866201</td>\n",
       "      <td>0.307581</td>\n",
       "      <td>1.000000</td>\n",
       "      <td>0.849072</td>\n",
       "      <td>0.644060</td>\n",
       "      <td>0.167562</td>\n",
       "      <td>0.156433</td>\n",
       "      <td>0.757976</td>\n",
       "      <td>-0.279361</td>\n",
       "      <td>-0.749543</td>\n",
       "      <td>-0.794889</td>\n",
       "      <td>0.834415</td>\n",
       "      <td>0.785353</td>\n",
       "      <td>0.221046</td>\n",
       "      <td>-0.221046</td>\n",
       "    </tr>\n",
       "    <tr>\n",
       "      <th>engine-size</th>\n",
       "      <td>-0.110581</td>\n",
       "      <td>0.112360</td>\n",
       "      <td>0.572027</td>\n",
       "      <td>0.685025</td>\n",
       "      <td>0.729436</td>\n",
       "      <td>0.074694</td>\n",
       "      <td>0.849072</td>\n",
       "      <td>1.000000</td>\n",
       "      <td>0.572609</td>\n",
       "      <td>0.209523</td>\n",
       "      <td>0.028889</td>\n",
       "      <td>0.822676</td>\n",
       "      <td>-0.256733</td>\n",
       "      <td>-0.650546</td>\n",
       "      <td>-0.679571</td>\n",
       "      <td>0.872335</td>\n",
       "      <td>0.745059</td>\n",
       "      <td>0.070779</td>\n",
       "      <td>-0.070779</td>\n",
       "    </tr>\n",
       "    <tr>\n",
       "      <th>bore</th>\n",
       "      <td>-0.140019</td>\n",
       "      <td>-0.029862</td>\n",
       "      <td>0.493244</td>\n",
       "      <td>0.608971</td>\n",
       "      <td>0.544885</td>\n",
       "      <td>0.180449</td>\n",
       "      <td>0.644060</td>\n",
       "      <td>0.572609</td>\n",
       "      <td>1.000000</td>\n",
       "      <td>-0.055390</td>\n",
       "      <td>0.001263</td>\n",
       "      <td>0.566936</td>\n",
       "      <td>-0.267392</td>\n",
       "      <td>-0.582027</td>\n",
       "      <td>-0.591309</td>\n",
       "      <td>0.543155</td>\n",
       "      <td>0.554610</td>\n",
       "      <td>0.054458</td>\n",
       "      <td>-0.054458</td>\n",
       "    </tr>\n",
       "    <tr>\n",
       "      <th>stroke</th>\n",
       "      <td>-0.008245</td>\n",
       "      <td>0.055563</td>\n",
       "      <td>0.158502</td>\n",
       "      <td>0.124139</td>\n",
       "      <td>0.188829</td>\n",
       "      <td>-0.062704</td>\n",
       "      <td>0.167562</td>\n",
       "      <td>0.209523</td>\n",
       "      <td>-0.055390</td>\n",
       "      <td>1.000000</td>\n",
       "      <td>0.187923</td>\n",
       "      <td>0.098462</td>\n",
       "      <td>-0.065713</td>\n",
       "      <td>-0.034696</td>\n",
       "      <td>-0.035201</td>\n",
       "      <td>0.082310</td>\n",
       "      <td>0.037300</td>\n",
       "      <td>0.241303</td>\n",
       "      <td>-0.241303</td>\n",
       "    </tr>\n",
       "    <tr>\n",
       "      <th>compression-ratio</th>\n",
       "      <td>-0.182196</td>\n",
       "      <td>-0.114713</td>\n",
       "      <td>0.250313</td>\n",
       "      <td>0.159733</td>\n",
       "      <td>0.189867</td>\n",
       "      <td>0.259737</td>\n",
       "      <td>0.156433</td>\n",
       "      <td>0.028889</td>\n",
       "      <td>0.001263</td>\n",
       "      <td>0.187923</td>\n",
       "      <td>1.000000</td>\n",
       "      <td>-0.214514</td>\n",
       "      <td>-0.435780</td>\n",
       "      <td>0.331425</td>\n",
       "      <td>0.268465</td>\n",
       "      <td>0.071107</td>\n",
       "      <td>-0.299372</td>\n",
       "      <td>0.985231</td>\n",
       "      <td>-0.985231</td>\n",
       "    </tr>\n",
       "    <tr>\n",
       "      <th>horsepower</th>\n",
       "      <td>0.075819</td>\n",
       "      <td>0.217299</td>\n",
       "      <td>0.371147</td>\n",
       "      <td>0.579821</td>\n",
       "      <td>0.615077</td>\n",
       "      <td>-0.087027</td>\n",
       "      <td>0.757976</td>\n",
       "      <td>0.822676</td>\n",
       "      <td>0.566936</td>\n",
       "      <td>0.098462</td>\n",
       "      <td>-0.214514</td>\n",
       "      <td>1.000000</td>\n",
       "      <td>0.107885</td>\n",
       "      <td>-0.822214</td>\n",
       "      <td>-0.804575</td>\n",
       "      <td>0.809575</td>\n",
       "      <td>0.889488</td>\n",
       "      <td>-0.169053</td>\n",
       "      <td>0.169053</td>\n",
       "    </tr>\n",
       "    <tr>\n",
       "      <th>peak-rpm</th>\n",
       "      <td>0.279740</td>\n",
       "      <td>0.239543</td>\n",
       "      <td>-0.360305</td>\n",
       "      <td>-0.285970</td>\n",
       "      <td>-0.245800</td>\n",
       "      <td>-0.309974</td>\n",
       "      <td>-0.279361</td>\n",
       "      <td>-0.256733</td>\n",
       "      <td>-0.267392</td>\n",
       "      <td>-0.065713</td>\n",
       "      <td>-0.435780</td>\n",
       "      <td>0.107885</td>\n",
       "      <td>1.000000</td>\n",
       "      <td>-0.115413</td>\n",
       "      <td>-0.058598</td>\n",
       "      <td>-0.101616</td>\n",
       "      <td>0.115830</td>\n",
       "      <td>-0.475812</td>\n",
       "      <td>0.475812</td>\n",
       "    </tr>\n",
       "    <tr>\n",
       "      <th>city-mpg</th>\n",
       "      <td>-0.035527</td>\n",
       "      <td>-0.225016</td>\n",
       "      <td>-0.470606</td>\n",
       "      <td>-0.665192</td>\n",
       "      <td>-0.633531</td>\n",
       "      <td>-0.049800</td>\n",
       "      <td>-0.749543</td>\n",
       "      <td>-0.650546</td>\n",
       "      <td>-0.582027</td>\n",
       "      <td>-0.034696</td>\n",
       "      <td>0.331425</td>\n",
       "      <td>-0.822214</td>\n",
       "      <td>-0.115413</td>\n",
       "      <td>1.000000</td>\n",
       "      <td>0.972044</td>\n",
       "      <td>-0.686571</td>\n",
       "      <td>-0.949713</td>\n",
       "      <td>0.265676</td>\n",
       "      <td>-0.265676</td>\n",
       "    </tr>\n",
       "    <tr>\n",
       "      <th>highway-mpg</th>\n",
       "      <td>0.036233</td>\n",
       "      <td>-0.181877</td>\n",
       "      <td>-0.543304</td>\n",
       "      <td>-0.698142</td>\n",
       "      <td>-0.680635</td>\n",
       "      <td>-0.104812</td>\n",
       "      <td>-0.794889</td>\n",
       "      <td>-0.679571</td>\n",
       "      <td>-0.591309</td>\n",
       "      <td>-0.035201</td>\n",
       "      <td>0.268465</td>\n",
       "      <td>-0.804575</td>\n",
       "      <td>-0.058598</td>\n",
       "      <td>0.972044</td>\n",
       "      <td>1.000000</td>\n",
       "      <td>-0.704692</td>\n",
       "      <td>-0.930028</td>\n",
       "      <td>0.198690</td>\n",
       "      <td>-0.198690</td>\n",
       "    </tr>\n",
       "    <tr>\n",
       "      <th>price</th>\n",
       "      <td>-0.082391</td>\n",
       "      <td>0.133999</td>\n",
       "      <td>0.584642</td>\n",
       "      <td>0.690628</td>\n",
       "      <td>0.751265</td>\n",
       "      <td>0.135486</td>\n",
       "      <td>0.834415</td>\n",
       "      <td>0.872335</td>\n",
       "      <td>0.543155</td>\n",
       "      <td>0.082310</td>\n",
       "      <td>0.071107</td>\n",
       "      <td>0.809575</td>\n",
       "      <td>-0.101616</td>\n",
       "      <td>-0.686571</td>\n",
       "      <td>-0.704692</td>\n",
       "      <td>1.000000</td>\n",
       "      <td>0.789898</td>\n",
       "      <td>0.110326</td>\n",
       "      <td>-0.110326</td>\n",
       "    </tr>\n",
       "    <tr>\n",
       "      <th>city-L/100km</th>\n",
       "      <td>0.066171</td>\n",
       "      <td>0.238567</td>\n",
       "      <td>0.476153</td>\n",
       "      <td>0.657373</td>\n",
       "      <td>0.673363</td>\n",
       "      <td>0.003811</td>\n",
       "      <td>0.785353</td>\n",
       "      <td>0.745059</td>\n",
       "      <td>0.554610</td>\n",
       "      <td>0.037300</td>\n",
       "      <td>-0.299372</td>\n",
       "      <td>0.889488</td>\n",
       "      <td>0.115830</td>\n",
       "      <td>-0.949713</td>\n",
       "      <td>-0.930028</td>\n",
       "      <td>0.789898</td>\n",
       "      <td>1.000000</td>\n",
       "      <td>-0.241282</td>\n",
       "      <td>0.241282</td>\n",
       "    </tr>\n",
       "    <tr>\n",
       "      <th>diesel</th>\n",
       "      <td>-0.196735</td>\n",
       "      <td>-0.101546</td>\n",
       "      <td>0.307237</td>\n",
       "      <td>0.211187</td>\n",
       "      <td>0.244356</td>\n",
       "      <td>0.281578</td>\n",
       "      <td>0.221046</td>\n",
       "      <td>0.070779</td>\n",
       "      <td>0.054458</td>\n",
       "      <td>0.241303</td>\n",
       "      <td>0.985231</td>\n",
       "      <td>-0.169053</td>\n",
       "      <td>-0.475812</td>\n",
       "      <td>0.265676</td>\n",
       "      <td>0.198690</td>\n",
       "      <td>0.110326</td>\n",
       "      <td>-0.241282</td>\n",
       "      <td>1.000000</td>\n",
       "      <td>-1.000000</td>\n",
       "    </tr>\n",
       "    <tr>\n",
       "      <th>gas</th>\n",
       "      <td>0.196735</td>\n",
       "      <td>0.101546</td>\n",
       "      <td>-0.307237</td>\n",
       "      <td>-0.211187</td>\n",
       "      <td>-0.244356</td>\n",
       "      <td>-0.281578</td>\n",
       "      <td>-0.221046</td>\n",
       "      <td>-0.070779</td>\n",
       "      <td>-0.054458</td>\n",
       "      <td>-0.241303</td>\n",
       "      <td>-0.985231</td>\n",
       "      <td>0.169053</td>\n",
       "      <td>0.475812</td>\n",
       "      <td>-0.265676</td>\n",
       "      <td>-0.198690</td>\n",
       "      <td>-0.110326</td>\n",
       "      <td>0.241282</td>\n",
       "      <td>-1.000000</td>\n",
       "      <td>1.000000</td>\n",
       "    </tr>\n",
       "  </tbody>\n",
       "</table>\n",
       "</div>"
      ],
      "text/plain": [
       "                   symboling  normalized-losses  wheel-base    length  \\\n",
       "symboling           1.000000           0.466264   -0.535987 -0.365404   \n",
       "normalized-losses   0.466264           1.000000   -0.056661  0.019424   \n",
       "wheel-base         -0.535987          -0.056661    1.000000  0.876024   \n",
       "length             -0.365404           0.019424    0.876024  1.000000   \n",
       "width              -0.242423           0.086802    0.814507  0.857170   \n",
       "height             -0.550160          -0.373737    0.590742  0.492063   \n",
       "curb-weight        -0.233118           0.099404    0.782097  0.880665   \n",
       "engine-size        -0.110581           0.112360    0.572027  0.685025   \n",
       "bore               -0.140019          -0.029862    0.493244  0.608971   \n",
       "stroke             -0.008245           0.055563    0.158502  0.124139   \n",
       "compression-ratio  -0.182196          -0.114713    0.250313  0.159733   \n",
       "horsepower          0.075819           0.217299    0.371147  0.579821   \n",
       "peak-rpm            0.279740           0.239543   -0.360305 -0.285970   \n",
       "city-mpg           -0.035527          -0.225016   -0.470606 -0.665192   \n",
       "highway-mpg         0.036233          -0.181877   -0.543304 -0.698142   \n",
       "price              -0.082391           0.133999    0.584642  0.690628   \n",
       "city-L/100km        0.066171           0.238567    0.476153  0.657373   \n",
       "diesel             -0.196735          -0.101546    0.307237  0.211187   \n",
       "gas                 0.196735           0.101546   -0.307237 -0.211187   \n",
       "\n",
       "                      width    height  curb-weight  engine-size      bore  \\\n",
       "symboling         -0.242423 -0.550160    -0.233118    -0.110581 -0.140019   \n",
       "normalized-losses  0.086802 -0.373737     0.099404     0.112360 -0.029862   \n",
       "wheel-base         0.814507  0.590742     0.782097     0.572027  0.493244   \n",
       "length             0.857170  0.492063     0.880665     0.685025  0.608971   \n",
       "width              1.000000  0.306002     0.866201     0.729436  0.544885   \n",
       "height             0.306002  1.000000     0.307581     0.074694  0.180449   \n",
       "curb-weight        0.866201  0.307581     1.000000     0.849072  0.644060   \n",
       "engine-size        0.729436  0.074694     0.849072     1.000000  0.572609   \n",
       "bore               0.544885  0.180449     0.644060     0.572609  1.000000   \n",
       "stroke             0.188829 -0.062704     0.167562     0.209523 -0.055390   \n",
       "compression-ratio  0.189867  0.259737     0.156433     0.028889  0.001263   \n",
       "horsepower         0.615077 -0.087027     0.757976     0.822676  0.566936   \n",
       "peak-rpm          -0.245800 -0.309974    -0.279361    -0.256733 -0.267392   \n",
       "city-mpg          -0.633531 -0.049800    -0.749543    -0.650546 -0.582027   \n",
       "highway-mpg       -0.680635 -0.104812    -0.794889    -0.679571 -0.591309   \n",
       "price              0.751265  0.135486     0.834415     0.872335  0.543155   \n",
       "city-L/100km       0.673363  0.003811     0.785353     0.745059  0.554610   \n",
       "diesel             0.244356  0.281578     0.221046     0.070779  0.054458   \n",
       "gas               -0.244356 -0.281578    -0.221046    -0.070779 -0.054458   \n",
       "\n",
       "                     stroke  compression-ratio  horsepower  peak-rpm  \\\n",
       "symboling         -0.008245          -0.182196    0.075819  0.279740   \n",
       "normalized-losses  0.055563          -0.114713    0.217299  0.239543   \n",
       "wheel-base         0.158502           0.250313    0.371147 -0.360305   \n",
       "length             0.124139           0.159733    0.579821 -0.285970   \n",
       "width              0.188829           0.189867    0.615077 -0.245800   \n",
       "height            -0.062704           0.259737   -0.087027 -0.309974   \n",
       "curb-weight        0.167562           0.156433    0.757976 -0.279361   \n",
       "engine-size        0.209523           0.028889    0.822676 -0.256733   \n",
       "bore              -0.055390           0.001263    0.566936 -0.267392   \n",
       "stroke             1.000000           0.187923    0.098462 -0.065713   \n",
       "compression-ratio  0.187923           1.000000   -0.214514 -0.435780   \n",
       "horsepower         0.098462          -0.214514    1.000000  0.107885   \n",
       "peak-rpm          -0.065713          -0.435780    0.107885  1.000000   \n",
       "city-mpg          -0.034696           0.331425   -0.822214 -0.115413   \n",
       "highway-mpg       -0.035201           0.268465   -0.804575 -0.058598   \n",
       "price              0.082310           0.071107    0.809575 -0.101616   \n",
       "city-L/100km       0.037300          -0.299372    0.889488  0.115830   \n",
       "diesel             0.241303           0.985231   -0.169053 -0.475812   \n",
       "gas               -0.241303          -0.985231    0.169053  0.475812   \n",
       "\n",
       "                   city-mpg  highway-mpg     price  city-L/100km    diesel  \\\n",
       "symboling         -0.035527     0.036233 -0.082391      0.066171 -0.196735   \n",
       "normalized-losses -0.225016    -0.181877  0.133999      0.238567 -0.101546   \n",
       "wheel-base        -0.470606    -0.543304  0.584642      0.476153  0.307237   \n",
       "length            -0.665192    -0.698142  0.690628      0.657373  0.211187   \n",
       "width             -0.633531    -0.680635  0.751265      0.673363  0.244356   \n",
       "height            -0.049800    -0.104812  0.135486      0.003811  0.281578   \n",
       "curb-weight       -0.749543    -0.794889  0.834415      0.785353  0.221046   \n",
       "engine-size       -0.650546    -0.679571  0.872335      0.745059  0.070779   \n",
       "bore              -0.582027    -0.591309  0.543155      0.554610  0.054458   \n",
       "stroke            -0.034696    -0.035201  0.082310      0.037300  0.241303   \n",
       "compression-ratio  0.331425     0.268465  0.071107     -0.299372  0.985231   \n",
       "horsepower        -0.822214    -0.804575  0.809575      0.889488 -0.169053   \n",
       "peak-rpm          -0.115413    -0.058598 -0.101616      0.115830 -0.475812   \n",
       "city-mpg           1.000000     0.972044 -0.686571     -0.949713  0.265676   \n",
       "highway-mpg        0.972044     1.000000 -0.704692     -0.930028  0.198690   \n",
       "price             -0.686571    -0.704692  1.000000      0.789898  0.110326   \n",
       "city-L/100km      -0.949713    -0.930028  0.789898      1.000000 -0.241282   \n",
       "diesel             0.265676     0.198690  0.110326     -0.241282  1.000000   \n",
       "gas               -0.265676    -0.198690 -0.110326      0.241282 -1.000000   \n",
       "\n",
       "                        gas  \n",
       "symboling          0.196735  \n",
       "normalized-losses  0.101546  \n",
       "wheel-base        -0.307237  \n",
       "length            -0.211187  \n",
       "width             -0.244356  \n",
       "height            -0.281578  \n",
       "curb-weight       -0.221046  \n",
       "engine-size       -0.070779  \n",
       "bore              -0.054458  \n",
       "stroke            -0.241303  \n",
       "compression-ratio -0.985231  \n",
       "horsepower         0.169053  \n",
       "peak-rpm           0.475812  \n",
       "city-mpg          -0.265676  \n",
       "highway-mpg       -0.198690  \n",
       "price             -0.110326  \n",
       "city-L/100km       0.241282  \n",
       "diesel            -1.000000  \n",
       "gas                1.000000  "
      ]
     },
     "execution_count": 25,
     "metadata": {},
     "output_type": "execute_result"
    }
   ],
   "source": [
    "numeric_df = df.select_dtypes(include=['float64', 'int64'])\n",
    "numeric_df.corr()"
   ]
  },
  {
   "cell_type": "code",
   "execution_count": 28,
   "id": "e3b6c26e-a50e-46c3-9e10-81c005ee8b62",
   "metadata": {},
   "outputs": [
    {
     "data": {
      "text/html": [
       "<div>\n",
       "<style scoped>\n",
       "    .dataframe tbody tr th:only-of-type {\n",
       "        vertical-align: middle;\n",
       "    }\n",
       "\n",
       "    .dataframe tbody tr th {\n",
       "        vertical-align: top;\n",
       "    }\n",
       "\n",
       "    .dataframe thead th {\n",
       "        text-align: right;\n",
       "    }\n",
       "</style>\n",
       "<table border=\"1\" class=\"dataframe\">\n",
       "  <thead>\n",
       "    <tr style=\"text-align: right;\">\n",
       "      <th></th>\n",
       "      <th>engine-size</th>\n",
       "      <th>price</th>\n",
       "      <th>compression-ratio</th>\n",
       "      <th>horsepower</th>\n",
       "    </tr>\n",
       "  </thead>\n",
       "  <tbody>\n",
       "    <tr>\n",
       "      <th>engine-size</th>\n",
       "      <td>1.000000</td>\n",
       "      <td>0.872335</td>\n",
       "      <td>0.028889</td>\n",
       "      <td>0.822676</td>\n",
       "    </tr>\n",
       "    <tr>\n",
       "      <th>price</th>\n",
       "      <td>0.872335</td>\n",
       "      <td>1.000000</td>\n",
       "      <td>0.071107</td>\n",
       "      <td>0.809575</td>\n",
       "    </tr>\n",
       "    <tr>\n",
       "      <th>compression-ratio</th>\n",
       "      <td>0.028889</td>\n",
       "      <td>0.071107</td>\n",
       "      <td>1.000000</td>\n",
       "      <td>-0.214514</td>\n",
       "    </tr>\n",
       "    <tr>\n",
       "      <th>horsepower</th>\n",
       "      <td>0.822676</td>\n",
       "      <td>0.809575</td>\n",
       "      <td>-0.214514</td>\n",
       "      <td>1.000000</td>\n",
       "    </tr>\n",
       "  </tbody>\n",
       "</table>\n",
       "</div>"
      ],
      "text/plain": [
       "                   engine-size     price  compression-ratio  horsepower\n",
       "engine-size           1.000000  0.872335           0.028889    0.822676\n",
       "price                 0.872335  1.000000           0.071107    0.809575\n",
       "compression-ratio     0.028889  0.071107           1.000000   -0.214514\n",
       "horsepower            0.822676  0.809575          -0.214514    1.000000"
      ]
     },
     "execution_count": 28,
     "metadata": {},
     "output_type": "execute_result"
    }
   ],
   "source": [
    "df[['engine-size', 'price', 'compression-ratio', 'horsepower']].corr()"
   ]
  },
  {
   "cell_type": "markdown",
   "id": "7e21a17a-3340-42e4-9ea0-597a3174e4aa",
   "metadata": {},
   "source": [
    "<h2>Continuous Numerical Variables:</h2> \n",
    "\n",
    "<p>Continuous numerical variables are variables that may contain any value within some range. They can be of type \"int64\" or \"float64\". A great way to visualize these variables is by using scatterplots with fitted lines.</p>\n",
    "\n",
    "<p>In order to start understanding the (linear) relationship between an individual variable and the price, we can use \"regplot\" which plots the scatterplot plus the fitted regression line for the data. This will be useful later on for visualizing the fit of the simple linear regression model as well. </p>\n"
   ]
  },
  {
   "cell_type": "markdown",
   "id": "14e588f5-52c4-451a-a1e7-1c96caa3f6b3",
   "metadata": {},
   "source": [
    "<h3>Positive Linear Relationship</h4>"
   ]
  },
  {
   "cell_type": "code",
   "execution_count": 27,
   "id": "85030b5b-3241-4a72-8a9f-5116d33d2263",
   "metadata": {},
   "outputs": [
    {
     "data": {
      "text/plain": [
       "(0.0, 53306.37523491447)"
      ]
     },
     "execution_count": 27,
     "metadata": {},
     "output_type": "execute_result"
    },
    {
     "data": {
